C:\inetpub\wwwroot\/map_csv/tab/35ff82f8-7267-4d78-a6e3-3448fd702f33/test  9-25-2014 16-48.csv
,rood,groen,blauw,japan,turkije,usa,man,vrouw,
rood,218,0,0,78,76,64,98,120,
groen,0,264,0,110,87,67,99,165,
blauw,0,0,306,88,99,119,131,175,
japan,78,110,88,276,0,0,133,143,
turkije,76,87,99,0,262,0,108,154,
usa,64,67,119,0,0,250,87,163,
man,98,99,131,133,108,87,328,0,
vrouw,120,165,175,143,154,163,0,460,
